450796126
1624353282
351517322
1639963345
1693317940
1271860692
1551130821
888761297
1727706724
2029587855
1933221114
1638344385
98474855
1636307647
644615571
1853985537
1826266104
1883322623
425582219
1300678603
1269054450
537656625
473334041
1039634168
984014167
601974360
1080945798
516401772
484870765
693019154
259512863
1175242272
1424621570
1445637813
602443335
988168394
325835217
1581141252
1755046052
345019691
2137973501
1209471885
1827624313
2105134581
768584890
2092047779
68893204
819531350
1252896011
1907912692
1296291422
723638565
1395148709
1095683270
18539920
1783390376
638599923
1318867410
33204229
620153088
74730291
516348349
661061674
2071455537
393692606
1624881967
586558609
716875474
1506367076
58400658
1776931109
1455546445
2089326837
1327352681
1431970168
614926804
1331474653
1646318154
769662520
644009185
1651536103
1470910586
742979521
1280649831
1889467682
1102177315
1714145228
838039450
215869665
1005142068
1012659268
517807448
499380955
2089603797
1027976505
2021434419
891560307
1168120198
593958894
1223243548
