64548142
1486188509
1786624043
1043531416
2058236847
1050733275
1162732135
564286973
1022886488
1036237127
1495399384
618055848
1631480236
777238612
1623896425
363452640
2137279307
1574867696
1653575120
771596878
1570986900
491126715
6027516
2105414025
129719141
144155810
1663007914
1909539388
2061233149
508647965
1018986519
167204342
1319403267
601106433
18992336
555003278
378274976
1213462018
459165349
359010097
255465927
1949796809
1136894140
676127498
1526044820
1882983598
665000385
1557811340
1802013906
526971666
184166715
1302505055
867675799
1955905372
597555194
1972311780
342598922
1032370830
1766022573
1752855399
1024226117
844717187
1832869264
1883647968
431198549
686472647
1227717698
1415551334
190796638
242486547
267149492
687982897
546988252
684368483
901141054
2004844106
724835844
653060534
430065099
1109960657
1265830217
357498722
229854261
529664491
1601711866
980318225
770134956
1052903238
2124084488
684748380
1603489359
380385610
1853268198
610570242
2011819997
404103389
2119637385
1543079109
602625157
605673939
1002997647
1872406753
139395801
127949553
275092859
1744090409
173988577
872115356
2142908958
2027851457
1515234380
249569315
1615648531
1534924914
227872193
453325222
582907233
1724678061
787353428
188047009
1569802819
356982559
134988309
1516002073
497614339
1535750381
604888770
1553313633
656051970
1876306573
213464476
1781491849
1032366805
953302080
1754501463
1384588644
1462843274
2020871728
1401788202
1749461557
1276833544
375354657
763975175
862831862
664669844
748648663
453334757
308931652
1676754032
642491909
2006917176
1188602602
1838409118
1860584941
1964850818
857229832
562132418
850933145
996148227
1411099615
1496116005
767604404
253317516
430909756
1887070422
597373957
966711922
52630399
879003882
346198921
548369821
1572691271
1725255909
322523181
1622879680
2114808765
295094833
286733605
1346822819
132084345
1966956747
1668363500
176123292
381248532
1907247613
2069722584
2132630300
1226973515
780555589
94195289
1165585253
202649804
1716103509
1268288206
423832665
747104673
101388084
980481795
1942888046
1469422134
339840386
1917502795
847181502
619632136
653080024
1993739575
1755951163
737588204
1058547278
745487344
1783250432
70477562
1817108758
1450176566
1351405762
47201300
771439685
19356661
1178059109
1192076822
213863346
336127361
400052907
1064149660
1193395959
9527919
1798609927
868573546
959679893
1674503695
773328784
163690620
778963764
1492958601
1530211601
276467371
1107582471
1122292627
1940788285
352978681
140329294
1766938060
503236608
811521657
1250549237
1533875640
1386157296
172871390
980271962
488554329
14626018
1172129694
772696620
2077400934
2053187993
1199943618
507822958
409490218
1648543898
1246573133
1995535771
1404394492
1907216923
282654534
486312420
115552343
1262140697
1651321700
720595861
813630613
813187721
838703190
203701141
1140532557
1780724134
1904424876
902011404
1329945925
927528809
1650969189
1847207967
110330134
1455319831
194977557
1695097814
155114075
543134196
127291571
1669963807
1159253141
1630219285
706471933
926939884
598650271
1914436691
761817480
737497975
605580232
173595995
1813871208
820175525
1674394514
156227043
1024091511
123156360
1932732166
630783479
1197960006
24869375
852621490
1161373553
530966174
587134329
31431745
136928135
1552543665
2085703126
501460661
906452863
312657890
2012733550
1863424067
346329725
604108846
1183904554
1364470218
1777047165
2145758261
559903696
75192306
1567250011
1619620841
518269277
1445744093
332733199
756626898
892688779
800960909
170951159
762625019
1217660018
1420661714
706430541
162456957
307099723
1098655214
571338680
513418917
1852710735
1846406855
1115002878
1273274820
1647348158
1139399111
1416632790
971031188
1069929979
1666390356
1539513051
1773921858
1036630228
2013558503
1485603485
422787613
470452192
919751371
1967263954
1265605337
2012989441
1515320692
2080302250
1043586687
1468785161
1098470522
1173940032
1502974709
154484601
1972784432
2120559404
263117605
2116366693
1420175077
506557237
1102623949
1935090547
1133907639
1625960996
459772131
1990769922
1962000142
2013754804
2027473059
894677607
1771758780
1573932709
226367798
201599058
32734127
2066442223
601681920
168733519
1074724177
1294769940
1498018183
657907049
983685757
991596430
581289211
908598249
1243896605
1361322856
1311166054
1867743036
2106957156
1043159785
51126641
343586546
203230885
1025219946
1162909392
317023203
1746163662
1727857993
498699851
1630974572
208230277
1214986486
1015777130
808654551
241656798
683770667
258431677
2007117272
1030794678
1044839480
200637893
670491444
1940144047
40416892
632380290
1319641213
326808264
28114928
1945987994
541484536
648762007
323480285
793334307
2088685471
600640294
1699377070
52294157
461514817
2109872744
929602016
1811414063
1775160519
1471356758
73945621
1234707692
1229341075
1372438699
2022799176
427346562
551779329
2143601976
2064718107
2081125871
494207503
1439897572
1145881933
1323122816
1301160473
1767952708
281016903
73910263
1133814973
922812627
1045229781
12909400
243563229
32542670
571150066
324446800
853084610
355088303
833648059
626483523
690214749
287909443
1389968518
181976048
2035447978
456362346
314968844
2139879619
77710382
622845035
1406461121
359937720
1255828127
177959154
907155269
502163431
164837282
1889947047
1257004530
1810997936
2054642862
1826626667
1484156054
296426371
550717456
369328689
936457019
776188236
1125165577
1361631863
1333611809
1330747002
99772946
633270368
2055679181
1255620779
644574784
70774640
937998138
190408950
326579905
2060608995
1932795950
975734484
797536134
206164650
1002895784
957796267
1708767739
322427139
125929589
1394238713
262344945
1646711732
275615714
460061465
1816283293
224928227
855697036
791470773
1528122554
1682712469
400246355
321126089
120905417
285187009
623110509
2085605711
498906745
1488018960
539141783
126118029
1265763873
442347060
1350131301
883857143
341214569
2102345442
245214139
1782742977
1463174153
1723088493
872409428
57811462
312518313
657264384
1540079231
1890135182
1679888360
396101752
276792555
538313791
2081544057
1129922012
534444439
677152547
1613517159
316858490
687524587
546158098
925026169
886209183
251508197
247992060
1547527856
619240434
510198892
756482517
692142829
101069165
667770561
1189382685
116961967
25256697
1812595219
523671307
329671931
875131046
2098957873
1906478165
916501332
1760373124
46447706
1744553375
392745450
2119251489
1873965360
166110846
887726031
1948389534
2132917195
541614375
960756068
433005680
1537569770
1973697976
332041938
1563815857
1989298501
1618594851
1940742324
2029494304
804468222
1111755443
1249191122
2120304059
1574266421
1802513212
1072755977
1897288952
509200058
992166116
901564998
1001312923
325815518
1536213127
2100127153
2146837302
207497570
899177931
1465280998
420288579
640301201
1459646146
1042908766
956396759
765993322
243966005
1400485612
1612104708
18888181
1525900435
1293662564
2107636430
854804150
1783179126
881654614
1854341063
991673151
1821306830
513565176
337039946
1073111520
1341045420
1755606561
267299664
1631799418
1887074477
2065456754
1943015922
1707217010
910112769
1019089295
585071995
827477953
282895639
1482197643
898547497
775401767
143371239
1304631650
996281729
1495967103
1948361691
845367711
28584780
1482266670
248123483
2138560798
2049688625
1988868277
361209844
771561708
375109872
1012239207
2091758628
94583370
1772729657
987796276
1393449924
1813326289
313657639
1766491811
942492178
1809234607
1603625052
1144365534
990311514
946537487
478974137
1844103143
679714881
1281356439
594041530
1837581545
1310772398
594161675
820417901
1614488489
324534101
252486415
1873010701
230303771
1232117985
561572105
2139657023
533766417
911946174
344607781
1300319208
1437491982
512672128
2014500722
364841385
2030919225
1749431027
592071465
1212185336
989749613
109672128
321442574
1403367644
1056816237
482838200
1056145647
115938372
505058101
386436032
1398713674
858527493
613864555
730609754
1267367948
15972975
529720565
1872691660
2145387379
1201186186
355938980
858882542
2040087316
1005593842
1635713037
2011687829
1151670521
267325004
124443513
1569463192
2025810658
1306337636
1058427634
1034645627
136362412
1044324581
1142134654
726807232
1379140816
1099398324
1437131112
1290336198
1768956930
1904281577
1597409209
1104480603
350345465
1877267562
256498886
1514372070
1648753486
256110118
651166179
2115452202
686243966
1795117035
949814325
1257047480
1441350154
1846807525
388936869
1294776052
811762622
883376564
139971825
198070209
1220631566
1495079976
1937183708
2054242764
1335083163
750760092
1613189766
1145540978
302520533
556677612
1947208918
1220725327
243095739
1754974484
1942753043
1065841252
324715967
1860445542
333054610
1150043620
1112270789
2122004072
1817992074
1779770779
1610827849
1566503240
1613828611
1225671163
216973727
1039098876
180271085
2009771205
1072840790
210245626
1323015757
871504721
90831030
1331406481
1032641426
823935866
545469033
1435367651
2499846
919919912
59436086
1252543871
330337632
86635131
1329838568
467254687
2056084086
521586832
1439194701
2124979195
1848329231
1354255092
1226228570
1482991431
1484230103
1222411171
1480004204
1617930832
1352240748
1355631035
2049756841
1962001326
262034837
1120858306
2006709125
1801989927
824394642
1917739664
23738721
1481706145
1827242894
1824959963
600097357
547631297
766081841
513586013
1676972270
611377956
379347282
338705316
275794811
1299815992
354635210
1204576118
465562849
446894265
1641428067
1033227486
1680811527
1327550660
1094343920
1303646935
236278060
1645873305
126290550
1801174420
415627627
715781362
1297621896
1605479786
1026234465
138653434
1209650608
1180480091
1488604133
104750060
1299516937
1033967168
1913153014
38173769
1412735210
364011410
299030707
1514321077
1075468989
757216981
705470595
981863023
1544586221
1872230561
1148481108
244264299
338149885
518725198
1167324161
1286867470
1980317622
2113095483
1273255117
697465989
1007543929
1518554299
1263655948
2123538371
539400882
363948701
1939422177
1020580373
1833864557
358950487
236631586
1127033187
2004866306
952385230
702787928
1408217349
1412669164
488804037
552950754
703359807
1534749880
1731029983
5709625
1487908955
818802201
852077650
1198376269
42673506
302328344
1680088363
1853641231
548742262
57461096
1617351479
1984017160
982520015
621835224
1224892565
1937147686
780709968
601838305
1881184470
44064919
143803589
413461343
1749495246
1063518926
431537852
1475387485
1057689338
1280720547
1563231229
1142509833
530191757
