18539920
33204229
58400658
68893204
74730291
98474855
215869665
259512863
325835217
345019691
351517322
393692606
425582219
450796126
473334041
484870765
499380955
516348349
516401772
517807448
537656625
586558609
593958894
601974360
602443335
614926804
620153088
638599923
644009185
644615571
661061674
693019154
716875474
723638565
742979521
768584890
769662520
819531350
838039450
888761297
891560307
984014167
988168394
1005142068
1012659268
1027976505
1039634168
1080945798
1095683270
1102177315
1168120198
1175242272
1209471885
1223243548
1252896011
1269054450
1271860692
1280649831
1296291422
1300678603
1318867410
1327352681
1331474653
1395148709
1424621570
1431970168
1445637813
1455546445
1470910586
1506367076
1551130821
1581141252
1624353282
1624881967
1636307647
1638344385
1639963345
1646318154
1651536103
1693317940
1714145228
1727706724
1755046052
1776931109
1783390376
1826266104
1827624313
1853985537
1883322623
1889467682
1907912692
1933221114
2021434419
2029587855
2071455537
2089326837
2089603797
2092047779
2105134581
2137973501
