2499846
5709625
6027516
9527919
12909400
14626018
15972975
18888181
18992336
19356661
23738721
24869375
25256697
28114928
28584780
31431745
32542670
32734127
38173769
40416892
42673506
44064919
46447706
47201300
51126641
52294157
52630399
57461096
57811462
59436086
64548142
70477562
70774640
73910263
73945621
75192306
77710382
86635131
90831030
94195289
94583370
99772946
101069165
101388084
104750060
109672128
110330134
115552343
115938372
116961967
120905417
123156360
124443513
125929589
126118029
126290550
127291571
127949553
129719141
132084345
134988309
136362412
136928135
138653434
139395801
139971825
140329294
143371239
143803589
144155810
154484601
155114075
156227043
162456957
163690620
164837282
166110846
167204342
168733519
170951159
172871390
173595995
173988577
176123292
177959154
180271085
181976048
184166715
188047009
190408950
190796638
194977557
198070209
200637893
201599058
202649804
203230885
203701141
206164650
207497570
208230277
210245626
213464476
213863346
216973727
224928227
226367798
227872193
229854261
230303771
236278060
236631586
241656798
242486547
243095739
243563229
243966005
244264299
245214139
247992060
248123483
249569315
251508197
252486415
253317516
255465927
256110118
256498886
258431677
262034837
262344945
263117605
267149492
267299664
267325004
275092859
275615714
275794811
276467371
276792555
281016903
282654534
282895639
285187009
286733605
287909443
295094833
296426371
299030707
302328344
302520533
307099723
308931652
312518313
312657890
313657639
314968844
316858490
317023203
321126089
321442574
322427139
322523181
323480285
324446800
324534101
324715967
325815518
326579905
326808264
329671931
330337632
332041938
332733199
333054610
336127361
337039946
338149885
338705316
339840386
341214569
342598922
343586546
344607781
346198921
346329725
350345465
352978681
354635210
355088303
355938980
356982559
357498722
358950487
359010097
359937720
361209844
363452640
363948701
364011410
364841385
369328689
375109872
375354657
378274976
379347282
380385610
381248532
386436032
388936869
392745450
396101752
400052907
400246355
404103389
409490218
413461343
415627627
420288579
422787613
423832665
427346562
430065099
430909756
431198549
431537852
433005680
442347060
446894265
453325222
453334757
456362346
459165349
459772131
460061465
461514817
465562849
467254687
470452192
478974137
482838200
486312420
488554329
488804037
491126715
494207503
497614339
498699851
498906745
501460661
502163431
503236608
505058101
506557237
507822958
508647965
509200058
510198892
512672128
513418917
513565176
513586013
518269277
518725198
521586832
523671307
526971666
529664491
529720565
530191757
530966174
533766417
534444439
538313791
539141783
539400882
541484536
541614375
543134196
545469033
546158098
546988252
547631297
548369821
548742262
550717456
551779329
552950754
555003278
556677612
559903696
561572105
562132418
564286973
571150066
571338680
581289211
582907233
585071995
587134329
592071465
594041530
594161675
597373957
597555194
598650271
600097357
600640294
601106433
601681920
601838305
602625157
604108846
604888770
605580232
605673939
610570242
611377956
613864555
618055848
619240434
619632136
621835224
622845035
623110509
626483523
630783479
632380290
633270368
640301201
642491909
644574784
648762007
651166179
653060534
653080024
656051970
657264384
657907049
664669844
665000385
667770561
670491444
676127498
677152547
679714881
683770667
684368483
684748380
686243966
686472647
687524587
687982897
690214749
692142829
697465989
702787928
703359807
705470595
706430541
706471933
715781362
720595861
724835844
726807232
730609754
737497975
737588204
745487344
747104673
748648663
750760092
756482517
756626898
757216981
761817480
762625019
763975175
765993322
766081841
767604404
770134956
771439685
771561708
771596878
772696620
773328784
775401767
776188236
777238612
778963764
780555589
780709968
787353428
791470773
793334307
797536134
800960909
804468222
808654551
811521657
811762622
813187721
813630613
818802201
820175525
820417901
823935866
824394642
827477953
833648059
838703190
844717187
845367711
847181502
850933145
852077650
852621490
853084610
854804150
855697036
857229832
858527493
858882542
862831862
867675799
868573546
871504721
872115356
872409428
875131046
879003882
881654614
883376564
883857143
886209183
887726031
892688779
894677607
898547497
899177931
901141054
901564998
902011404
906452863
907155269
908598249
910112769
911946174
916501332
919751371
919919912
922812627
925026169
926939884
927528809
929602016
936457019
937998138
942492178
946537487
949814325
952385230
953302080
956396759
957796267
959679893
960756068
966711922
971031188
975734484
980271962
980318225
980481795
981863023
982520015
983685757
987796276
989749613
990311514
991596430
991673151
992166116
996148227
996281729
1001312923
1002895784
1002997647
1005593842
1007543929
1012239207
1015777130
1018986519
1019089295
1020580373
1022886488
1024091511
1024226117
1025219946
1026234465
1030794678
1032366805
1032370830
1032641426
1033227486
1033967168
1034645627
1036237127
1036630228
1039098876
1042908766
1043159785
1043531416
1043586687
1044324581
1044839480
1045229781
1050733275
1052903238
1056145647
1056816237
1057689338
1058427634
1058547278
1063518926
1064149660
1065841252
1069929979
1072755977
1072840790
1073111520
1074724177
1075468989
1094343920
1098470522
1098655214
1099398324
1102623949
1104480603
1107582471
1109960657
1111755443
1112270789
1115002878
1120858306
1122292627
1125165577
1127033187
1129922012
1133814973
1133907639
1136894140
1139399111
1140532557
1142134654
1142509833
1144365534
1145540978
1145881933
1148481108
1150043620
1151670521
1159253141
1161373553
1162732135
1162909392
1165585253
1167324161
1172129694
1173940032
1178059109
1180480091
1183904554
1188602602
1189382685
1192076822
1193395959
1197960006
1198376269
1199943618
1201186186
1204576118
1209650608
1212185336
1213462018
1214986486
1217660018
1220631566
1220725327
1222411171
1224892565
1225671163
1226228570
1226973515
1227717698
1229341075
1232117985
1234707692
1243896605
1246573133
1249191122
1250549237
1252543871
1255620779
1255828127
1257004530
1257047480
1262140697
1263655948
1265605337
1265763873
1265830217
1267367948
1268288206
1273255117
1273274820
1276833544
1280720547
1281356439
1286867470
1290336198
1293662564
1294769940
1294776052
1297621896
1299516937
1299815992
1300319208
1301160473
1302505055
1303646935
1304631650
1306337636
1310772398
1311166054
1319403267
1319641213
1323015757
1323122816
1327550660
1329838568
1329945925
1330747002
1331406481
1333611809
1335083163
1341045420
1346822819
1350131301
1351405762
1352240748
1354255092
1355631035
1361322856
1361631863
1364470218
1372438699
1379140816
1384588644
1386157296
1389968518
1393449924
1394238713
1398713674
1400485612
1401788202
1403367644
1404394492
1406461121
1408217349
1411099615
1412669164
1412735210
1415551334
1416632790
1420175077
1420661714
1435367651
1437131112
1437491982
1439194701
1439897572
1441350154
1445744093
1450176566
1455319831
1459646146
1462843274
1463174153
1465280998
1468785161
1469422134
1471356758
1475387485
1480004204
1481706145
1482197643
1482266670
1482991431
1484156054
1484230103
1485603485
1486188509
1487908955
1488018960
1488604133
1492958601
1495079976
1495399384
1495967103
1496116005
1498018183
1502974709
1514321077
1514372070
1515234380
1515320692
1516002073
1518554299
1525900435
1526044820
1528122554
1530211601
1533875640
1534749880
1534924914
1535750381
1536213127
1537569770
1539513051
1540079231
1543079109
1544586221
1547527856
1552543665
1553313633
1557811340
1563231229
1563815857
1566503240
1567250011
1569463192
1569802819
1570986900
1572691271
1573932709
1574266421
1574867696
1597409209
1601711866
1603489359
1603625052
1605479786
1610827849
1612104708
1613189766
1613517159
1613828611
1614488489
1615648531
1617351479
1617930832
1618594851
1619620841
1622879680
1623896425
1625960996
1630219285
1630974572
1631480236
1631799418
1635713037
1641428067
1645873305
1646711732
1647348158
1648543898
1648753486
1650969189
1651321700
1653575120
1663007914
1666390356
1668363500
1669963807
1674394514
1674503695
1676754032
1676972270
1679888360
1680088363
1680811527
1682712469
1695097814
1699377070
1707217010
1708767739
1716103509
1723088493
1724678061
1725255909
1727857993
1731029983
1744090409
1744553375
1746163662
1749431027
1749461557
1749495246
1752855399
1754501463
1754974484
1755606561
1755951163
1760373124
1766022573
1766491811
1766938060
1767952708
1768956930
1771758780
1772729657
1773921858
1775160519
1777047165
1779770779
1780724134
1781491849
1782742977
1783179126
1783250432
1786624043
1795117035
1798609927
1801174420
1801989927
1802013906
1802513212
1809234607
1810997936
1811414063
1812595219
1813326289
1813871208
1816283293
1817108758
1817992074
1821306830
1824959963
1826626667
1827242894
1832869264
1833864557
1837581545
1838409118
1844103143
1846406855
1846807525
1847207967
1848329231
1852710735
1853268198
1853641231
1854341063
1860445542
1860584941
1863424067
1867743036
1872230561
1872406753
1872691660
1873010701
1873965360
1876306573
1877267562
1881184470
1882983598
1883647968
1887070422
1887074477
1889947047
1890135182
1897288952
1904281577
1904424876
1906478165
1907216923
1907247613
1909539388
1913153014
1914436691
1917502795
1917739664
1932732166
1932795950
1935090547
1937147686
1937183708
1939422177
1940144047
1940742324
1940788285
1942753043
1942888046
1943015922
1945987994
1947208918
1948361691
1948389534
1949796809
1955905372
1962000142
1962001326
1964850818
1966956747
1967263954
1972311780
1972784432
1973697976
1980317622
1984017160
1988868277
1989298501
1990769922
1993739575
1995535771
2004844106
2004866306
2006709125
2006917176
2007117272
2009771205
2011687829
2011819997
2012733550
2012989441
2013558503
2013754804
2014500722
2020871728
2022799176
2025810658
2027473059
2027851457
2029494304
2030919225
2035447978
2040087316
2049688625
2049756841
2053187993
2054242764
2054642862
2055679181
2056084086
2058236847
2060608995
2061233149
2064718107
2065456754
2066442223
2069722584
2077400934
2080302250
2081125871
2081544057
2085605711
2085703126
2088685471
2091758628
2098957873
2100127153
2102345442
2105414025
2106957156
2107636430
2109872744
2113095483
2114808765
2115452202
2116366693
2119251489
2119637385
2120304059
2120559404
2122004072
2123538371
2124084488
2124979195
2132630300
2132917195
2137279307
2138560798
2139657023
2139879619
2142908958
2143601976
2145387379
2145758261
2146837302
