1374167
3826500
7156892
11735774
18124130
18828508
19095220
19389237
21690806
22024388
29102488
31059416
31126373
32032109
32116413
32710751
35237248
36091714
38720267
38731952
43084266
44629615
50671497
57565549
61316697
66383363
67169553
68545907
72496060
73238939
73781028
76477499
76761572
81351326
81647967
84384535
92420672
96843718
97149814
102068768
103085159
103167845
105495371
105544495
107044361
107542852
107964375
110656931
117511805
118803281
119121020
123941551
124060470
124136124
124267686
128066915
129482974
130121505
130665934
133242645
137100845
139333858
149478462
150471186
152121190
152318896
158452761
162370364
163803760
164411340
165148031
165342816
165417904
166557806
167156063
172164816
173762616
176514731
177364206
191967987
196987223
197831209
200737689
201987937
206364746
207536383
214821070
214977170
219530562
220432073
229783411
230442050
232722339
235405009
236262658
237914820
244007110
244562057
246767193
251480013
252250589
257261476
260394682
261136132
264319566
266498879
273139236
275178323
278418434
278707976
283826404
287017123
293620433
294004505
297006209
303842134
306446401
308296137
308419260
312227270
313344951
313534623
315573199
316038754
316928060
317471729
318279255
323290516
323797182
325682839
325742562
326942522
329675299
335877806
336818516
338276670
339863714
342576440
345687365
352189484
352637397
355607103
356534947
360264510
361577913
361813972
364242935
364484742
365981863
370184226
370381238
372890116
374351237
379361826
380243313
380414472
380841885
383752047
384591569
389339818
389746123
389911638
392005309
393288927
393568930
394055968
395227936
401597250
402458972
404902581
408074888
411160926
411206781
415085337
418434708
419289197
421785866
422302496
422373056
422914885
426811834
426856468
429205689
432820867
433217264
438370243
442844940
444240803
447148896
457193862
457772584
459530244
460800298
467538852
467999974
470559685
470780691
471251652
471612984
473361842
473456576
473980942
474029019
475677238
478651839
479373130
479625728
484119889
484286078
492753847
496549248
497632025
497827732
500197338
500602910
508926684
509055427
512785334
512837247
514219540
515574148
516256875
518113845
518576719
519334677
520264865
522262393
525485043
527535198
530872918
533265907
534053320
534273534
534412533
535295011
539451879
540178130
540763918
544603932
544966869
545211681
548861726
554531778
554954925
556485882
557220505
559972962
562127687
565528801
568265124
571085495
571151096
573802270
576690214
577140395
579292254
586173194
586593993
589318536
592102603
605195530
605818561
606439590
606440169
609086014
609230825
610281271
611786654
613838186
618279998
621648855
623767755
627437998
627506697
630469989
631603778
634976100
640522103
640582591
642095541
643950136
646410561
646921021
647289112
648253410
650582876
651471565
653379804
654861324
656117623
656210575
664207789
671671742
674200161
675831596
678825034
679608642
683395125
685806143
687006928
688884939
691988417
694193917
694695602
695131160
698807278
699808602
700126916
702639129
702974615
703310153
704025970
704360651
709923443
713140068
714451795
716119988
726964728
728713628
729308792
731230812
731572934
731745906
734306669
736316466
738596206
738848201
738920707
741252216
743074241
753746088
754393664
754940710
755464715
755819366
756464881
757959868
758450123
759435836
760504376
764074572
766362247
777342857
778814254
779401931
780537306
784904559
786662592
791940781
793975359
794709572
797329530
799226023
799512903
804624836
806766504
807607059
808352810
809517164
816798578
817648452
818096385
818551011
819115351
821308932
822552481
826177540
827348312
827947572
828642834
830955457
833113867
834088967
834417269
838012843
838434493
843470788
843666137
848704737
852767192
853238275
854249628
854282427
856003071
856620656
856744009
859757160
862146420
866614410
875535292
879533658
879681805
882121397
883235922
884471314
885514429
885650079
895846770
903927430
907258909
908014570
909864873
910133033
917080336
920970298
921238442
923361808
925523854
925524059
925786150
927435713
927561826
927741171
939397002
940818953
941359793
947663078
953747550
956097294
959401607
959737358
967430095
968169726
969755018
970496613
971867457
978095774
979159612
979383060
982947830
984140275
984325342
984327440
986040465
987061689
987985682
989183088
992620122
993203199
993958578
997611857
1001043022
1001450283
1004284983
1009129272
1011784741
1012642012
1013807626
1016724618
1018866995
1019209018
1022497619
1023963908
1025069738
1026140389
1026990352
1027646620
1031212020
1032383633
1033275037
1033808861
1036392180
1037125433
1038698690
1038851369
1042383659
1043006374
1043963671
1047482929
1061869739
1062298167
1062907107
1064367288
1066422659
1068591927
1071369558
1071510203
1072438699
1074433208
1080674478
1081039793
1081408771
1083929377
1088977406
1097550870
1099188137
1099413320
1100463726
1100506866
1103241135
1109027001
1111822655
1114442202
1121511878
1123153779
1127651404
1130577788
1130878041
1135918277
1138171352
1140546495
1148965692
1149279452
1150698443
1150757099
1157612556
1158344630
1161251716
1161370523
1164195642
1169676528
1171823928
1181006810
1187949043
1191280098
1192388891
1192495377
1193909432
1193986026
1194621602
1195201504
1195575510
1196862127
1197454646
1199804277
1200660331
1205077108
1205207885
1207106970
1209191832
1212397298
1213630651
1213633283
1214439917
1214908255
1221906428
1221978922
1222915131
1223470760
1223981368
1224498166
1228098970
1229998213
1233201760
1233323876
1235747946
1238080533
1240257041
1240426047
1242569384
1250633462
1251030669
1251315012
1252320772
1255279893
1256912755
1259534314
1259816985
1264119019
1267329142
1269242785
1271976479
1272030232
1275639085
1276262388
1276411388
1277474741
1277903999
1279257813
1287723142
1288109721
1289876513
1292151436
1296835321
1299482333
1301204620
1302301422
1303577527
1307598992
1308494857
1313190127
1317157719
1318046634
1318215897
1319526035
1321173429
1326364059
1333775940
1336321843
1337141380
1339156533
1340151512
1342404163
1346845688
1348571693
1352494785
1353533385
1354984288
1355419379
1363442381
1366598008
1366726047
1367521815
1367699915
1368761031
1375885611
1376055802
1379477290
1379503820
1381695634
1382051201
1385709147
1390928648
1393587604
1393853415
1395405634
1395569587
1398587098
1398710394
1398765327
1399786870
1400323886
1401788540
1410634236
1410688128
1411270001
1411693028
1413510425
1416202954
1418138477
1418764044
1421552323
1421844478
1423886673
1435239023
1436460176
1437498744
1437894310
1437994056
1439531061
1444512610
1449227536
1450032000
1450964501
1451543853
1451666116
1452256787
1452558113
1453132660
1455692170
1455758526
1459135119
1459471604
1459620485
1464244581
1465400558
1466983673
1469164597
1469498952
1470694359
1470808030
1472159456
1473386892
1475225583
1477017944
1477116859
1483468682
1484086995
1485702288
1494619055
1494986806
1496065471
1496794517
1496828918
1502326757
1503959292
1504264624
1504571452
1505534801
1507107534
1508901630
1513254130
1514962361
1515552291
1516820239
1518445922
1518818898
1519898563
1522089840
1523186822
1525633652
1527211422
1527895720
1532248986
1534898109
1535331948
1537468019
1538681090
1538711535
1539960333
1540487172
1544597484
1547215002
1547424173
1551964738
1552020812
1553097613
1553148864
1556317346
1561140713
1562059682
1564131018
1566407587
1569244808
1572855930
1573540296
1576780155
1577184659
1583721244
1585675810
1586247595
1587271860
1588918722
1592226413
1593167116
1593365197
1594621938
1595895082
1596372536
1596603750
1600652683
1601989170
1604320879
1607485814
1607759083
1609020535
1609412066
1609957246
1612125385
1614318692
1615061934
1619084946
1619117207
1619757270
1619808905
1620846623
1624008115
1633629854
1633948371
1634173449
1635509877
1637280954
1638726968
1643164075
1645931815
1647114995
1648755677
1651055589
1651192481
1653447855
1654195973
1654543790
1658538818
1660924593
1661625964
1664205043
1666491534
1667947532
1668480878
1670328557
1674202787
1675181577
1675209848
1676906995
1681613764
1683604118
1684196715
1687816598
1695588540
1696232356
1697412700
1697568619
1700417093
1700705667
1705017349
1706963130
1707222132
1710792702
1710931899
1714621140
1715456581
1715484782
1717561685
1718261801
1718561874
1720148641
1724709315
1724735525
1727234846
1729773154
1733220874
1735071234
1736496859
1736874007
1737329087
1737679864
1740299873
1743246478
1746016670
1751433934
1751849644
1752767828
1753056559
1757932186
1759681638
1766479869
1767661053
1767795866
1769419692
1769776407
1772790674
1773377116
1777080699
1777680013
1779805071
1780258940
1781027148
1787109402
1790452528
1791368080
1794122954
1795492565
1796835532
1800040647
1805909753
1810921580
1812074591
1812910931
1814168377
1819393512
1819928631
1820545072
1822411862
1823248215
1824691286
1825582331
1827054612
1830934180
1833057015
1833797917
1838491683
1840369967
1841336185
1843149805
1843281294
1845326694
1846494982
1847197692
1849173804
1855948783
1856670712
1857805220
1857871424
1858491517
1860588888
1866324432
1868266106
1868735467
1871239350
1872677536
1874490432
1876439391
1877698431
1881927902
1883052938
1885865335
1891740203
1891763714
1892111480
1896503737
1896715115
1897871966
1898147765
1899185967
1902240149
1906534936
1907146006
1908361793
1911539383
1917936658
1920846031
1922082484
1922857726
1924631384
1926387651
1927290866
1929779914
1930593595
1930614858
1936392782
1939388876
1940607878
1944402872
1948230782
1948440853
1950088804
1953837075
1956509553
1959926528
1963117987
1968500930
1969730734
1969842504
1971238653
1974453427
1976248633
1978030950
1979576801
1980138895
1981864815
1982409692
1990811088
1993934058
2001997689
2003981512
2004383951
2005490714
2006154255
2007082721
2007648303
2010282972
2010922617
2012021301
2014019551
2014807790
2015489273
2017156841
2020176134
2023904356
2025695296
2025982042
2026042587
2027364290
2031541325
2039000920
2042296592
2046326977
2053130490
2053186666
2054158871
2055994355
2058178365
2058370122
2059235117
2060682171
2061915645
2062291101
2063882914
2065219449
2065386781
2065986935
2066158244
2070645547
2074186121
2077080147
2078098898
2079576684
2079739141
2081654992
2081909661
2082330541
2082403909
2082867590
2083742630
2087696816
2091618031
2097778299
2102393796
2103705102
2105024440
2105488836
2107103893
2109638518
2110761346
2111119452
2111355874
2119238646
2125178271
2127847726
2129430032
2129942588
2130648576
2132381837
2133844567
2136998501
2138079289
2138130730
2141773252
2145160612
2145226835
