33902877
46008806
59997566
155211136
171440217
237652358
283694750
297667717
303285121
305109824
313181551
332506918
338475963
362968444
408251571
416312167
427308226
490387581
498732616
506845554
514517572
520984561
574612891
638871740
649469915
664386367
679495678
680367975
688919907
766206627
775971038
816346892
819108540
822368954
846561287
847712424
855391375
867965320
891035482
920681495
933591816
946011753
977077515
985771355
1010267036
1018083664
1049797803
1049981105
1094959885
1098184618
1101054983
1119980345
1142485391
1148167257
1149734738
1178799566
1188428082
1215217361
1273051632
1274283633
1274443754
1278879724
1318852534
1322419522
1382348666
1391830786
1450984376
1452742010
1457759886
1462675937
1487850960
1536166308
1536184001
1600089011
1614141897
1630180341
1718019636
1718125561
1732431285
1747867041
1754168515
1758724979
1784879937
1820424298
1836241901
1917646888
1931197536
1939335624
1979124735
1983995006
1985765187
1994019077
2016661697
2026028226
2050372853
2110645046
2113156628
2118970779
2121870826
2128200324
